55248072
55495106
55394734
55117749
55139164
55498744
55157042
55104559
55211547
55313201
55489349
55315997
55434818
55217589
55435641
55123084
55134747
55435140
55186039
55215632
55380214
55451797
55195105
55447501
55324239
55230529
55441995
55383941
55115944
55398101
55418054
55216950
55109883
55194681
55142930
55434458
55116667
55496766
55102179
55446522
55238968
55249570
55439838
55222465
55458801
55141954
55387953
55420924
55161200
55481669
55111785
55497506
55493095
55157697
55493847
55228452
55447572
55173542
55373362
55433596
55221245
55224955
55289957
55398235
55114775
55199580
55192666
55224692
55163072
55198658
55112865
55338579
55193822
55194523
55400292
55461029
55120686
55307868
55123737
55303315
55428459
55134730
55447840
55449755
55306283
55234854
55228948
55446596
55493728
55155795
55213281
55315616
55123305
55120404
55392755
55231539
55324474
55418458
55107854
55304308
55220725
55128339
55401170
55225835
55395545
55412835
55312904
55321597
55226402
55423530
55440780
55195187
55208571
55106773
55129651
55396900
55154764
55216681
55443424
55192550
55112489
55332190
55243294
55459156
55306645
55207194
55206338
55207424
55202747
55486167
55205122
55302983
55172167
55395582
55214795
55220626
55480444
55426595
55427510
55450462
55441068
55442410
55447612
55322376
55194821
55183869
55330756
55227879
55473203
55166721
55488150
55314949
55434575
55153006
55201345
55203078
55134267
55379121
55469212
55210931
55386920
55321396
55466857
55239223
55224885
55239639
55485160
55216162
55481320
55182399
55439166
55211859
55172146
55447595
55428068
55384797
55497855
55238835
55342240
55202584
55324635
55215029
55187279
55163874
55434739
55424307
55210598
55497826
55186255
55225613
55307719
55193836
55400759
55224785
55443467
55433164
55451584
55434723
55171926
55217660
55385604
55493441
55398245
55320779
55362859
55206991
55161186
55441209
55182696
55165537
55234675
55314287
55372162
55439821
55156952
55209046
55336701
55433852
55188593
55193435
55440885
55433696
55389375
55445174
55485899
55423488
55377211
55111727
55159164
55161253
55394279
55402691
55138987
55311067
55138581
55307364
55196411
55199050
55190320
55174213
55432529
55417731
55397217
55200042
55244538
55332601
55207900
55441769
55316329
55436805
55495215
55173403
55131409
55199244
55481398
55199427
55440357
55453134
55183977
55420801
55149254
55447182
55424955
55488904
55129888
55200398
55494651
55314897
55451890
55315440
55393814
55248107
55224260
55166829
55251418
55422034
55346424
55301811
55364909
55234582
55119768
55224967
55195013
55385435
55441902
55245738
55165854
55211155
55326739
55233850
55234678
55320927
55322201
55363161
55141499
55497843
55117029
55422857
55214989
55103603
55198362
