59793991
59795415
59796371
59798585
59799666
59801695
59803539
59803597
59804301
59804677
59806587
59807756
59808479
59808841
59809561
59811580
59812216
59812498
59814896
59815117
59815549
59820151
59821463
59821700
59823221
59826079
59826542
59826559
59830393
59830799
59830976
59833311
59833766
59834742
59841066
59844818
59846576
59847607
59848764
59848854
59849509
59850976
59852998
59853012
59853065
59854884
59855686
59857349
59857666
59858533
59858641
59863738
59863958
59863979
59865215
59865354
59866025
59874211
59874508
59875681
59875789
59877851
59878067
59879091
59880405
59882132
59884362
59884478
59885247
59885634
59885648
59886335
59886493
59886633
59886825
59886917
59886999
59888223
59890174
59890470
59890862
59891056
59891239
59891392
59891854
59892210
59893157
59894396
59894559
59894890
59896934
59898150
59898803
59899006
59899236
59899712
59900383
59900858
59902410
59902743
59902967
59903359
59903671
59905093
59906607
59906801
59906841
59907444
59907974
59908493
59908762
59909401
59909472
59912438
59912537
59913057
59914277
59916072
59916504
59916597
59916697
59916767
59916779
59917425
59917647
59918214
59919691
59920264
59920760
59922341
59923351
59925662
59926394
59926487
59926490
59926666
59930647
59930780
59931035
59931451
59935106
59936350
59937550
59939884
59939919
59941382
59943230
59981769
59993623
59994795
59995127
59996120
59998095
59998457
59999176
59999531
59999680
60002879
60004716
60005013
60006099
60006709
60006761
60007252
60007428
60007809
60008141
60012591
60012739
60013208
60013409
60014013
60014188
60016051
60016286
60016447
60018551
60022568
60024002
60024413
60028513
60030391
60034052
60038236
60054671
60054973
60056721
60063974
60065174
60069023
60070933
60072026
60075753
60076609
60077247
60077416
60078732
60079765
60081187
60084567
60085626
60086091
60086546
60087357
60087394
60088712
60089029
60089913
60090047
60090057
60092104
60092571
60092982
60094503
60104647
60109543
60109866
60110270
60112613
60112736
60113846
60114669
60115300
60115342
60116119
60116767
60118407
60119322
60119880
60120271
60124341
60124976
60125408
60125508
60125664
60126270
60126387
60126535
60126551
60126630
60126952
60127453
60128617
60130978
60131633
60131650
60132169
60132592
60132697
60132880
60133021
60133581
60133714
60133807
60134222
60135236
60135279
60136986
60138334
60138408
60138994
60139313
60139384
60139407
60139424
60139652
60141567
60142274
60143396
60143609
60143702
60144946
60150613
60150968
60152841
60158669
60161024
60165015
60172256
60173132
60173210
60173481
60176972
60177711
60177979
60179962
60180716
60181161
60184907
60185253
60185540
60185659
60186463
60186918
60187027
60188578
60189318
60189638
60189655
60189667
60190556
